AB188190	783	40	0
AF125509	2530	1	0
AF333596	2694	3	0
AF333600	2703	2	0
AP011279	16708	0	0
AP012081	16136	0	0
AP013046	15936	2	0
AP014537	16165	35	0
AY372781	943	2	0
DQ288268	16656	0	0
HQ167664	947	0	0
JN024756	652	0	0
JX899750	2657	402	0
KC501011	654	0	0
KP013084	16655	0	0
KR476870	490	2	0
KT211424	16868	0	0
KT289926	16579	3	0
KT804702	16512	17	0
LC277930	168	0	0
LC340054	170	0	0
LC340162	167	0	0
MF621714	16490	1425	0
MF621726	16503	2	0
MF621750	16660	0	0
MG570412	16583	0	0
MG570417	16650	0	0
MG570419	16621	2	0
MG570424	16625	304	0
MG570425	16584	0	0
MG570454	16710	0	0
NC_000860	16624	4	0
NC_001717	16642	0	0
NC_004742	16210	946	0
NC_008104	16328	2301	0
NC_008106	16484	33	0
NC_008646	16583	1	0
NC_008647	16625	3	0
NC_009263	16659	0	0
NC_009576	16646	1378	0
NC_011577	16465	0	0
NC_012361	16531	1117	0
NC_014686	16486	14	0
NC_015191	16559	605	0
NC_015246	16620	1	0
NC_015364	16600	0	0
NC_015984	16489	48	0
NC_019572	16537	3	0
NC_020764	16526	0	0
NC_024032	16677	0	0
NC_025552	16150	0	0
NC_028087	16709	0	0
NC_028277	16529	31	0
NC_028282	16795	2	0
NC_028284	16503	0	0
NC_028285	16858	1	0
NC_028298	16496	1	0
NC_030325	16542	1421	0
NC_033931	16717	0	0
NC_033944	16655	0	0
NC_033946	16623	0	0
NC_036392	16653	0	0
*	0	0	3
