AB188190	783	21	0
AF125509	2530	0	0
AF333596	2694	1	0
AF333600	2703	1	0
AP011279	16708	0	0
AP012081	16136	1	0
AP013046	15936	0	0
AP014537	16165	54	0
AY372781	943	0	0
DQ288268	16656	2	0
HQ167664	947	1	0
JN024756	652	0	0
JX899750	2657	385	0
KC501011	654	0	0
KP013084	16655	0	0
KR476870	490	1	0
KT211424	16868	2	0
KT289926	16579	0	0
KT804702	16512	27	0
LC277930	168	2	0
LC340054	170	0	0
LC340162	167	0	0
MF621714	16490	1411	0
MF621726	16503	0	0
MF621750	16660	0	0
MG570412	16583	0	0
MG570417	16650	1	0
MG570419	16621	1	0
MG570424	16625	288	0
MG570425	16584	0	0
MG570454	16710	0	0
NC_000860	16624	3	0
NC_001717	16642	0	0
NC_004742	16210	906	0
NC_008104	16328	2242	0
NC_008106	16484	40	0
NC_008646	16583	0	0
NC_008647	16625	8	0
NC_009263	16659	1	0
NC_009576	16646	1346	0
NC_011577	16465	0	0
NC_012361	16531	1089	0
NC_014686	16486	12	0
NC_015191	16559	573	0
NC_015246	16620	5	0
NC_015364	16600	1	0
NC_015984	16489	35	0
NC_019572	16537	4	0
NC_020764	16526	0	0
NC_024032	16677	8	0
NC_025552	16150	0	0
NC_028087	16709	1	0
NC_028277	16529	16	0
NC_028282	16795	1	0
NC_028284	16503	2	0
NC_028285	16858	0	0
NC_028298	16496	2	0
NC_030325	16542	1372	0
NC_033931	16717	1	0
NC_033944	16655	0	0
NC_033946	16623	0	0
NC_036392	16653	0	0
*	0	0	292
