AB188190	783	2583	0
AF125509	2530	7	0
AF333596	2694	4	0
AF333600	2703	4	0
AP011279	16708	3	0
AP012081	16136	1	0
AP013046	15936	3	0
AP014537	16165	2	0
AY372781	943	16	0
DQ288268	16656	12	0
HQ167664	947	42	0
JN024756	652	0	0
JX899750	2657	0	0
KC501011	654	0	0
KP013084	16655	413	0
KR476870	490	0	0
KT211424	16868	3	0
KT289926	16579	0	0
KT804702	16512	1	0
LC277930	168	0	0
LC340054	170	0	0
LC340162	167	0	0
MF621714	16490	1	0
MF621726	16503	1	0
MF621750	16660	53	0
MG570412	16583	1	0
MG570417	16650	2	0
MG570419	16621	139	0
MG570424	16625	97	0
MG570425	16584	1	0
MG570454	16710	5	0
NC_000860	16624	39	0
NC_001717	16642	7	0
NC_004742	16210	5	0
NC_008104	16328	100	0
NC_008106	16484	2	0
NC_008646	16583	0	0
NC_008647	16625	5	0
NC_009263	16659	1351	0
NC_009576	16646	2	0
NC_011577	16465	55	0
NC_012361	16531	0	0
NC_014686	16486	4	0
NC_015191	16559	288	0
NC_015246	16620	2	0
NC_015364	16600	2	0
NC_015984	16489	0	0
NC_019572	16537	4	0
NC_020764	16526	6	0
NC_024032	16677	154	0
NC_025552	16150	0	0
NC_028087	16709	0	0
NC_028277	16529	2571	0
NC_028282	16795	14	0
NC_028284	16503	45	0
NC_028285	16858	5	0
NC_028298	16496	0	0
NC_030325	16542	9	0
NC_033931	16717	0	0
NC_033944	16655	2	0
NC_033946	16623	7	0
NC_036392	16653	72	0
*	0	0	1941
