AB188190	783	2543	0
AF125509	2530	2	0
AF333596	2694	19	0
AF333600	2703	2	0
AP011279	16708	0	0
AP012081	16136	36	0
AP013046	15936	1	0
AP014537	16165	1	0
AY372781	943	5	0
DQ288268	16656	30	0
HQ167664	947	75	0
JN024756	652	0	0
JX899750	2657	33	0
KC501011	654	0	0
KP013084	16655	421	0
KR476870	490	0	0
KT211424	16868	3	0
KT289926	16579	9	0
KT804702	16512	17	0
LC277930	168	0	0
LC340054	170	0	0
LC340162	167	0	0
MF621714	16490	3	0
MF621726	16503	10	0
MF621750	16660	4	0
MG570412	16583	1	0
MG570417	16650	4	0
MG570419	16621	149	0
MG570424	16625	98	0
MG570425	16584	3	0
MG570454	16710	2	0
NC_000860	16624	17	0
NC_001717	16642	0	0
NC_004742	16210	30	0
NC_008104	16328	124	0
NC_008106	16484	3	0
NC_008646	16583	4	0
NC_008647	16625	7	0
NC_009263	16659	1351	0
NC_009576	16646	0	0
NC_011577	16465	26	0
NC_012361	16531	1	0
NC_014686	16486	0	0
NC_015191	16559	153	0
NC_015246	16620	8	0
NC_015364	16600	7	0
NC_015984	16489	4	0
NC_019572	16537	11	0
NC_020764	16526	0	0
NC_024032	16677	149	0
NC_025552	16150	0	0
NC_028087	16709	3	0
NC_028277	16529	2537	0
NC_028282	16795	0	0
NC_028284	16503	54	0
NC_028285	16858	4	0
NC_028298	16496	4	0
NC_030325	16542	9	0
NC_033931	16717	4	0
NC_033944	16655	5	0
NC_033946	16623	3	0
NC_036392	16653	67	0
*	0	0	2041
